"","ngames","nteams","xg_home","xg_away"
"1",380,20,0.627539,0.6746
"2",380,20,0.604226,0.557892
"3",380,20,0.876106,0.782253
"4",380,20,1.13076,2.10975
"5",380,20,2.56803,1.45946
"6",380,20,0.64396,2.59203
"7",380,20,1.33166,0.535961
"8",380,20,1.54613,1.2529
"9",380,20,0.381274,0.329873
"10",380,20,0.435238,1.9242
"11",380,20,0.219118,0.660404
"12",380,20,1.06214,1.39628
"13",380,20,0.329128,1.71686
"14",380,20,0.513491,1.80939
"15",380,20,0.760848,0.684036
"16",380,20,1.70614,2.80956
"17",380,20,1.97424,0.113109
"18",380,20,0.964134,2.05542
"19",380,20,2.18579,0.482423
"20",380,20,2.15062,0.460805
"21",380,20,1.2491,0.4384
"22",380,20,0.569426,1.56064
"23",380,20,0.829012,1.89437
"24",380,20,1.23807,0.765278
"25",380,20,1.50203,2.8554
"26",380,20,3.14888,0.698228
"27",380,20,1.42622,2.02778
"28",380,20,0.579338,1.57983
"29",380,20,1.17588,0.68359
"30",380,20,1.83755,1.29206
"31",380,20,0.0319694,2.33948
"32",380,20,0.321432,0.919097
"33",380,20,0.561737,0.97217
"34",380,20,1.21771,0.881194
"35",380,20,1.27906,2.19283
"36",380,20,1.52895,0.363603
"37",380,20,2.27406,0.368848
"38",380,20,1.99917,0.694692
"39",380,20,2.85501,0.639434
"40",380,20,0.971183,1.28089
"41",380,20,1.18026,0.656048
"42",380,20,0.409143,1.00731
"43",380,20,0.743193,3.08883
"44",380,20,1.33151,0.389495
"45",380,20,1.57333,0.503008
"46",380,20,4.42684,0.191277
"47",380,20,1.46206,1.02572
"48",380,20,1.0407,1.45615
"49",380,20,1.34987,0.953181
"50",380,20,1.71282,0.716599
"51",380,20,2.0687,0.775312
"52",380,20,0.644335,0.854867
"53",380,20,0.864868,1.77458
"54",380,20,0.876719,0.632761
"55",380,20,1.14717,1.22582
"56",380,20,1.15114,1.33961
"57",380,20,2.98465,0.995273
"58",380,20,1.01573,0.538439
"59",380,20,1.83663,1.65119
"60",380,20,1.90447,0.556271
"61",380,20,2.30799,1.57842
"62",380,20,1.38516,3.89623
"63",380,20,1.55418,1.41962
"64",380,20,1.78331,0.892054
"65",380,20,1.94483,0.871678
"66",380,20,2.60407,1.38603
"67",380,20,2.8971,0.832139
"68",380,20,0.702109,1.30593
"69",380,20,0.685939,2.33566
"70",380,20,1.27511,2.30159
"71",380,20,1.99083,0.255528
"72",380,20,0.839028,1.03499
"73",380,20,1.08401,1.93656
"74",380,20,1.18074,3.00282
"75",380,20,1.50268,0.913291
"76",380,20,3.3346,0.980279
"77",380,20,0.520175,1.58246
"78",380,20,1.20063,1.30844
"79",380,20,0.774806,1.18142
"80",380,20,2.16952,1.03953
"81",380,20,0.586228,0.715892
"82",380,20,0.653457,1.47853
"83",380,20,1.08391,2.76356
"84",380,20,1.22875,0.795846
"85",380,20,1.46668,2.78648
"86",380,20,2.07781,0.658473
"87",380,20,4.71274,0.173025
"88",380,20,0.254791,2.69046
"89",380,20,2.24896,1.34395
"90",380,20,0.485489,1.64894
"91",380,20,0.77284,1.1356
"92",380,20,0.848432,1.0403
"93",380,20,1.03228,1.45436
"94",380,20,1.09516,1.74353
"95",380,20,1.33502,0.240008
"96",380,20,2.55754,0.373025
"97",380,20,2.37969,1.41744
"98",380,20,0.391754,0.310718
"99",380,20,0.490581,3.43313
"100",380,20,0.682823,1.56383
"101",380,20,0.735762,0.839342
"102",380,20,0.264441,2.17657
"103",380,20,0.939118,0.394404
"104",380,20,1.26075,1.38017
"105",380,20,1.50447,2.22545
"106",380,20,1.61544,0.605625
"107",380,20,2.83557,1.17497
"108",380,20,2.34852,1.21834
"109",380,20,1.15966,0.712132
"110",380,20,1.14374,0.325711
"111",380,20,1.00427,0.504409
"112",380,20,0.299104,1.79578
"113",380,20,0.589567,1.08814
"114",380,20,1.19517,0.402284
"115",380,20,1.2779,0.594031
"116",380,20,1.56389,1.00531
"117",380,20,0.825418,1.02642
"118",380,20,0.182741,1.53281
"119",380,20,2.01767,0.90585
"120",380,20,2.15673,0.849281
"121",380,20,1.47077,1.30264
"122",380,20,0.332888,2.08956
"123",380,20,0.372387,3.27478
"124",380,20,0.709485,1.19495
"125",380,20,1.88526,1.58509
"126",380,20,2.16487,0.202798
"127",380,20,2.83068,0.322061
"128",380,20,1.08612,2.61697
"129",380,20,3.22353,0.818937
"130",380,20,0.696183,1.30739
"131",380,20,0.863466,0.79464
"132",380,20,1.48969,1.45176
"133",380,20,1.67836,0.791299
"134",380,20,1.69105,0.729005
"135",380,20,2.12331,1.24478
"136",380,20,0.876256,1.05613
"137",380,20,0.333494,0.283375
"138",380,20,1.41404,0.866305
"139",380,20,1.01025,1.65699
"140",380,20,1.19358,0.367517
"141",380,20,2.01436,0.483752
"142",380,20,0.780602,2.20962
"143",380,20,1.48695,1.12876
"144",380,20,1.76061,1.10206
"145",380,20,2.07199,0.310524
"146",380,20,2.29559,1.5228
"147",380,20,2.86051,1.058
"148",380,20,1.66952,1.25911
"149",380,20,0.646346,0.999043
"150",380,20,1.69774,1.1905
"151",380,20,1.49283,2.43558
"152",380,20,0.879474,2.0562
"153",380,20,1.13181,1.87239
"154",380,20,1.31177,0.890411
"155",380,20,1.34338,0.962789
"156",380,20,1.05032,1.96768
"157",380,20,1.00876,1.68498
"158",380,20,1.03317,1.55252
"159",380,20,2.12583,0.835885
"160",380,20,0.708846,2.26887
"161",380,20,0.698255,1.89177
"162",380,20,0.83385,1.47453
"163",380,20,1.01394,0.556897
"164",380,20,1.48982,2.02911
"165",380,20,2.41499,1.95347
"166",380,20,3.02023,1.23573
"167",380,20,1.28189,0.404373
"168",380,20,1.99336,0.376313
"169",380,20,0.973378,0.401988
"170",380,20,1.50109,0.769378
"171",380,20,1.18211,1.28961
"172",380,20,0.871395,0.405181
"173",380,20,1.21243,0.554583
"174",380,20,1.37933,0.505167
"175",380,20,1.61235,0.836027
"176",380,20,2.09356,1.667
"177",380,20,2.40666,0.452019
"178",380,20,3.51848,1.08103
"179",380,20,1.35711,1.69923
"180",380,20,2.4303,0.83106
"181",380,20,0.735185,0.169425
"182",380,20,1.10319,0.235874
"183",380,20,1.13011,0.527248
"184",380,20,2.1039,0.456189
"185",380,20,2.2472,1.58159
"186",380,20,1.35213,0.900029
"187",380,20,1.79562,1.3709
"188",380,20,3.12958,0.343752
"189",380,20,0.810377,1.66777
"190",380,20,0.481551,1.80743
"191",380,20,2.06737,1.86591
"192",380,20,0.761225,0.27956
"193",380,20,1.50509,0.932294
"194",380,20,1.72318,0.917526
"195",380,20,1.74266,0.542907
"196",380,20,1.93025,1.15339
"197",380,20,2.28506,1.2593
"198",380,20,0.985368,0.692054
"199",380,20,0.546499,2.3747
"200",380,20,0.721603,0.75907
"201",380,20,0.551973,0.547913
"202",380,20,0.729546,1.18455
"203",380,20,1.81304,2.36216
"204",380,20,1.06526,2.49057
"205",380,20,1.24456,0.193728
"206",380,20,1.38532,0.704263
"207",380,20,1.44957,0.369548
"208",380,20,1.7224,0.11543
"209",380,20,1.16222,2.22912
"210",380,20,1.2301,0.588708
"211",380,20,2.02579,0.617306
"212",380,20,1.42623,0.410757
"213",380,20,1.74025,0.613339
"214",380,20,1.84261,1.08248
"215",380,20,2.44864,1.5891
"216",380,20,2.53086,0.595472
"217",380,20,0.665386,2.21525
"218",380,20,0.952974,0.715703
"219",380,20,0.546879,0.585841
"220",380,20,0.474035,0.525478
"221",380,20,1.03432,1.44943
"222",380,20,0.187217,0.83591
"223",380,20,0.23184,0.562461
"224",380,20,0.612134,1.26851
"225",380,20,0.930792,1.74368
"226",380,20,2.25906,0.340483
"227",380,20,2.58707,1.29267
"228",380,20,1.01267,1.73182
"229",380,20,1.94094,1.08055
"230",380,20,1.10907,1.48778
"231",380,20,0.888437,0.638461
"232",380,20,0.929319,2.75469
"233",380,20,1.34566,0.580791
"234",380,20,2.34619,0.107888
"235",380,20,3.38487,0.93405
"236",380,20,1.62395,1.17427
"237",380,20,2.30645,1.17928
"238",380,20,2.45272,0.350909
"239",380,20,0.531415,1.13694
"240",380,20,2.48447,0.626239
"241",380,20,1.70719,2.50168
"242",380,20,0.693548,3.05913
"243",380,20,0.918291,1.1413
"244",380,20,1.32136,1.01465
"245",380,20,1.57712,0.491843
"246",380,20,2.00475,0.149839
"247",380,20,2.41057,0.472556
"248",380,20,1.06493,0.970583
"249",380,20,0.584316,1.13957
"250",380,20,1.61554,0.780475
"251",380,20,1.48186,0.908296
"252",380,20,0.699012,1.19353
"253",380,20,0.983946,1.99728
"254",380,20,1.03362,0.741428
"255",380,20,1.19427,0.927348
"256",380,20,1.82912,1.1974
"257",380,20,2.0858,0.430664
"258",380,20,2.36319,1.31246
"259",380,20,0.174868,2.00756
"260",380,20,1.97876,1.23517
"261",380,20,0.52387,1.07887
"262",380,20,1.00481,0.955252
"263",380,20,1.01074,0.631036
"264",380,20,1.7645,0.814784
"265",380,20,2.04047,0.414343
"266",380,20,2.07488,1.21638
"267",380,20,1.09522,1.5435
"268",380,20,3.57325,1.24938
"269",380,20,0.60177,2.63668
"270",380,20,0.93375,0.887448
"271",380,20,1.24159,0.980988
"272",380,20,1.41228,0.954161
"273",380,20,3.04626,1.29485
"274",380,20,0.298318,0.270782
"275",380,20,0.784319,1.22673
"276",380,20,1.4928,1.69788
"277",380,20,0.786278,2.16484
"278",380,20,1.16781,0.180318
"279",380,20,1.88378,0.543157
"280",380,20,0.545937,0.580126
"281",380,20,0.833931,1.26853
"282",380,20,1.0615,1.60285
"283",380,20,1.54587,1.31562
"284",380,20,2.09025,2.72091
"285",380,20,2.83271,0.121136
"286",380,20,0.829318,1.47042
"287",380,20,1.43901,2.27087
"288",380,20,0.565787,0.417622
"289",380,20,0.139743,0.557373
"290",380,20,0.70756,1.09562
"291",380,20,1.06676,0.874966
"292",380,20,1.84022,2.00141
"293",380,20,0.846771,0.518715
"294",380,20,0.58617,1.92384
"295",380,20,0.332789,0.799255
"296",380,20,0.784339,1.20315
"297",380,20,0.879462,1.58145
"298",380,20,2.1406,0.862828
"299",380,20,0.490469,0.730828
"300",380,20,0.940593,0.785017
"301",380,20,1.56873,1.29046
"302",380,20,1.86249,0.900312
"303",380,20,2.02694,0.120366
"304",380,20,0.72512,2.49358
"305",380,20,1.17598,0.4319
"306",380,20,1.3239,0.868303
"307",380,20,1.54544,0.0635563
"308",380,20,1.65216,1.46835
"309",380,20,1.71369,1.65593
"310",380,20,3.00742,0.290619
"311",380,20,1.37954,1.23579
"312",380,20,1.38701,0.670068
"313",380,20,0.998692,0.755625
"314",380,20,1.10973,1.46966
"315",380,20,0.220872,1.0038
"316",380,20,0.408379,1.59979
"317",380,20,1.45029,0.675663
"318",380,20,1.78477,0.165982
"319",380,20,1.9071,1.3003
"320",380,20,2.07325,1.09413
"321",380,20,0.872232,2.60072
"322",380,20,1.79647,0.341238
"323",380,20,2.21484,0.85508
"324",380,20,1.59025,0.759269
"325",380,20,1.09006,1.99748
"326",380,20,0.318721,1.38323
"327",380,20,1.09127,0.262427
"328",380,20,1.5024,0.787081
"329",380,20,2.2915,0.364852
"330",380,20,0.487715,2.62768
"331",380,20,0.85914,1.81443
"332",380,20,1.95296,1.56819
"333",380,20,1.73461,0.275806
"334",380,20,0.458376,2.89775
"335",380,20,0.455246,0.522043
"336",380,20,3.96294,1.22333
"337",380,20,1.46607,0.137416
"338",380,20,3.24472,0.0886329
"339",380,20,1.37348,0.839742
"340",380,20,2.22482,1.09174
"341",380,20,0.575087,2.07192
"342",380,20,0.712881,0.253033
"343",380,20,1.47192,3.6648
"344",380,20,0.617149,0.97303
"345",380,20,3.31579,0.576457
"346",380,20,1.26346,0.894413
"347",380,20,0.53407,1.05079
"348",380,20,0.68487,1.43105
"349",380,20,0.95281,1.42599
"350",380,20,1.36255,0.491793
"351",380,20,1.5346,1.27183
"352",380,20,0.781508,0.578781
"353",380,20,2.31862,0.776186
"354",380,20,1.18462,1.16622
"355",380,20,2.84362,1.12719
"356",380,20,0.81661,1.90407
"357",380,20,1.36825,1.48344
"358",380,20,0.0312154,1.09626
"359",380,20,0.773876,1.77677
"360",380,20,0.814964,1.34282
"361",380,20,1.31448,1.27766
"362",380,20,2.39454,2.47265
"363",380,20,4.50525,1.30184
"364",380,20,2.55547,1.30812
"365",380,20,0.75375,1.08084
"366",380,20,2.38919,0.930803
"367",380,20,2.13311,0.635987
"368",380,20,2.41871,1.7686
"369",380,20,2.44887,1.16563
"370",380,20,1.83934,0.812268
"371",380,20,0.115604,2.04003
"372",380,20,0.288737,2.94489
"373",380,20,1.86065,1.23491
"374",380,20,1.86869,0.419877
"375",380,20,1.95277,0.908817
"376",380,20,2.32278,1.24857
"377",380,20,2.40775,0.43016
"378",380,20,2.42808,0.869082
"379",380,20,3.40207,0.222731
"380",380,20,1.72109,0.503471
